-1961571779 0 0 0 0 0 0
1508258443 0 0 0 0 0 0
-1647797745 0 0 0 0 0 0
480582736 0 0 0 0 1 0
1761535064 0 0 0 0 0 0
954560279 0 0 0 0 0 0
-456462082 0 1 0 0 0 0
1359961145 0 0 0 0 0 0
1952967818 0 0 0 0 0 0
-1815644842 0 0 0 0 0 0
-299382967 0 0 0 0 0 0
-1040198241 0 0 0 0 0 0
-1599385252 0 1 0 0 0 0
694436316 0 0 0 0 0 0
1583371714 0 0 0 0 0 0
-1451441890 0 0 0 0 0 0
-533444911 0 0 1 0 0 0
1000529819 1 0 0 0 0 0
-711736202 0 0 0 0 0 0
842088286 0 0 0 0 0 0
1174665216 0 0 0 0 0 0
-920537019 0 0 1 0 0 0
-1819180468 1 0 0 0 0 0
1620164416 0 0 0 0 0 0
-123715755 0 0 0 0 0 0
-50762270 0 0 0 0 0 0
1372230665 0 0 0 0 0 0
82119583 0 0 0 0 0 0
1138127793 0 0 0 0 0 0
-684832132 1 1 0 0 0 0
-612725223 0 0 0 0 0 0
1587989032 1 1 0 0 0 0
-170476840 0 0 0 0 0 0
1787840625 0 0 0 0 0 0
2133654829 0 0 0 0 1 1
-1737296364 0 1 0 0 0 0
2010169698 0 0 0 0 0 0
1996399166 0 0 0 0 0 0
-764249763 0 0 0 0 0 0
1942662221 0 0 0 0 0 0
761912864 0 0 0 0 0 0
-1938712427 0 0 0 1 0 0
76368806 0 0 0 0 0 0
-257745951 0 0 0 0 0 0
720680325 0 0 0 0 0 0
-1009729452 0 0 0 0 0 0
-49098136 0 1 0 0 0 0
-813661306 0 0 0 0 0 0
-1590186436 0 0 0 0 0 0
-1737995542 0 0 0 0 0 0
-287063984 0 0 0 0 0 0
-1706427510 1 1 0 0 0 0
1198737799 0 0 0 0 0 0
1624352965 0 0 0 0 0 0
-1981567445 0 0 0 0 0 0
209621690 1 0 0 0 0 0
-38860024 0 0 0 0 0 0
1130858400 0 0 0 0 0 0
-1080554455 0 0 0 0 0 0
-1524400590 0 0 0 0 0 0
557886888 0 0 0 0 0 0
-1468748754 0 0 0 0 0 0
-1400107287 0 0 0 0 0 0
-1780688501 1 0 0 0 0 0
-216780562 0 0 0 0 0 0
219308844 0 0 0 0 0 0
1597676362 0 0 0 0 0 0
-855637834 0 0 0 0 0 0
-1212488676 0 0 0 0 0 0
-2091665108 0 0 0 0 0 0
-1487698863 0 0 0 0 0 0
-402792017 0 0 0 0 0 0
1077179584 0 0 0 0 0 0
-860684944 0 0 0 0 0 0
131944673 1 0 0 0 0 0
64865679 1 0 0 0 0 0
-843922585 0 0 0 0 0 0
-787846142 0 0 0 0 0 0
1901387015 1 0 0 0 0 0
1003103076 0 0 0 0 0 0
1135221790 0 0 0 0 0 0
154584750 0 0 0 0 0 0
1204240835 0 0 0 0 0 0
-1231931279 0 0 0 0 0 0
-2045179719 0 0 0 0 0 0
-324095658 0 0 0 0 0 0
-733040498 0 0 0 0 0 0
-1343695606 1 0 0 0 0 0
367562867 0 0 0 0 0 0
-824784519 0 0 0 0 0 0
-392356776 0 0 0 0 0 0
-953967831 0 0 0 0 0 0
1341651091 0 0 0 0 0 0
1711291417 1 0 0 0 0 0
135103820 0 1 0 0 0 0
1903892564 0 0 0 0 0 0
-975047179 0 1 0 0 0 0
-1040844829 0 0 0 0 0 0
187837695 1 0 0 0 0 0
-1403065538 0 0 0 0 0 0
-839055575 1 0 0 0 0 0
1704096796 0 0 0 0 0 0
-1507665670 1 0 0 0 0 0
1302176099 0 0 0 0 0 0
1261188969 0 0 0 0 0 0
713110695 0 0 0 0 0 0
-1811813626 0 1 0 0 0 0
335430353 0 0 0 0 0 0
-2090568975 0 1 0 0 0 0
1777376322 0 0 0 0 0 0
-1337387687 0 0 1 0 0 0
